1.012034623,0.0
2.024584442,0.0
3.024701665,0.0
4.026358627,0.0
5.029070078,0.0
6.031203722,0.0
7.031204851,0.0
8.031974061,0.0
9.032009084,0.0
10.032087958,0.0
11.03392612,0.0
12.034315097,0.0
13.035361012,0.0
14.035421135,0.0
15.035424914,0.0
16.036098767,0.0
17.036345688,0.0
18.038018522,0.0
19.039303288,0.0
20.041774498,0.0
21.041775956,0.0
22.043270611,0.0
23.044520769,0.0
24.0459154,0.0
25.046557305,0.0
26.046558778,0.0
27.047611991,0.0
28.047614799,0.0
29.049680264,0.0
30.04985812,0.0
31.050878241,0.0
32.05266874,0.0
33.053154745,0.0
34.05340289,0.0
35.053581058,0.0
36.05548956,0.0
37.056604131,0.0
38.056605001,0.0
39.0596381,0.0
40.059641726,0.0
41.060372463,0.0
42.060656468,0.0
