1.012034623,5.958
2.024584442,4.078
3.024701665,25.148
4.026358627,41.489
5.029070078,29.547
6.031203722,35.936
7.031204851,31.803
8.031974061,36.677
9.032009084,37.786
10.032087958,32.921
11.03392612,34.77
12.034315097,30.871
13.035361012,33.416
14.035421135,39.631
15.035424914,31.089
16.036098767,38.805
17.036345688,31.137
18.038018522,36.382
19.039303288,35.676
20.041774498,36.078
21.041775956,30.449
22.043270611,38.735
23.044520769,41.661
24.0459154,42.336
25.046557305,39.019
26.046558778,32.908
27.047611991,44.772
28.047614799,33.827
29.049680264,39.52
30.04985812,38.846
31.050878241,46.39
32.05266874,30.021
33.053154745,35.825
34.05340289,31.338
35.053581058,35.809
36.05548956,32.679
37.056604131,35.103
38.056605001,36.311
39.0596381,36.692
40.059641726,39.339
41.060372463,39.709
42.060656468,34.63
