1.027051544,0.0
2.228679257,0.0
3.234126038,0.0
4.451179499,0.0
5.456403835,0.0
6.456464198,0.0
7.601855889,0.0
8.767321252,0.0
9.934230941,0.0
10.935845837,0.0
11.936211516,0.0
12.939571796,0.0
13.939632161,0.0
14.940764486,0.0
15.947295854,0.0
16.94810686,0.0
17.954252024,0.0
19.058508653,0.0
20.223673224,0.0
21.230650638,0.0
22.23340517,0.0
23.234143412,0.0
24.40672305,0.0
25.482724653,0.0
26.639963876,0.0
27.642321177,0.0
28.746473141,0.0
29.794031395,0.0
30.794999876,0.0
31.796399119,0.0
32.797564762,0.0
33.805450585,0.0
34.805873851,0.0
35.806170673,0.0
36.809006674,0.0
37.810162738,0.0
38.81296701,0.0
39.946395623,0.0
40.947055116,0.0
41.998020968,0.0
43.019117128,0.0
