1.027051544,5.91
2.228679257,2.355
3.234126038,40.814
4.451179499,28.9
5.456403835,39.835
6.456464198,36.1
7.601855889,27.035
8.767321252,33.867
9.934230941,37.813
10.935845837,40.301
11.936211516,24.506
12.939571796,40.494
13.939632161,38.627
14.940764486,28.455
15.947295854,42.007
16.94810686,27.974
17.954252024,39.494
19.058508653,30.501
20.223673224,33.744
21.230650638,42.501
22.23340517,37.834
23.234143412,30.791
24.40672305,41.289
25.482724653,39.185
26.639963876,38.91
27.642321177,46.046
28.746473141,28.953
29.794031395,37.647
30.794999876,43.255
31.796399119,46.384
32.797564762,25.032
33.805450585,41.799
34.805873851,25.341
35.806170673,41.629
36.809006674,36.878
37.810162738,24.808
38.81296701,47.226
39.946395623,30.96
40.947055116,43.941
41.998020968,29.168
43.019117128,37.861
