1.0417709,0.0
2.228673709,0.0
3.234122797,0.0
4.451172856,0.0
5.456401178,0.0
6.456461872,0.0
7.601849569,0.0
8.767315587,0.0
9.934225863,0.0
10.935843275,0.0
11.936203599,0.0
12.939568189,0.0
13.939629891,0.0
14.940761645,0.0
15.947293063,0.0
16.948103729,0.0
17.954249224,0.0
19.058502162,0.0
20.223666911,0.0
21.230647257,0.0
22.233402183,0.0
23.234140006,0.0
24.4067164,0.0
25.482719026,0.0
26.63995847,0.0
27.642318632,0.0
28.74646622,0.0
29.794023888,0.0
30.79499639,0.0
31.796396187,0.0
32.797561303,0.0
33.805447649,0.0
34.805871042,0.0
35.806166453,0.0
36.809003783,0.0
37.810159924,0.0
38.812964592,0.0
39.946388406,0.0
40.947050611,0.0
41.998014588,0.0
43.019111218,0.0
