1.153682102,0.0
2.228659415,0.0
3.234115362,0.0
4.451153532,0.0
5.45639636,0.0
6.456459157,0.0
7.601827024,0.0
8.767299422,0.0
9.93421072,0.0
10.935838214,0.0
11.936183016,0.0
12.93956089,0.0
13.939627149,0.0
14.940756825,0.0
15.947286898,0.0
16.948099093,0.0
17.954241715,0.0
19.058479042,0.0
20.223645781,0.0
21.230638172,0.0
22.233395709,0.0
23.234133759,0.0
24.40669242,0.0
25.482698028,0.0
26.639937838,0.0
27.642313473,0.0
28.746449269,0.0
29.794009139,0.0
30.794989821,0.0
31.796388294,0.0
32.79755472,0.0
33.805440288,0.0
34.805866493,0.0
35.806153142,0.0
36.808997082,0.0
37.810154815,0.0
38.812960547,0.0
39.946366716,0.0
40.947040433,0.0
41.997997136,0.0
43.019096555,0.0
