1.153682102,5.473
2.228659415,2.095
3.234115362,40.814
4.451153532,28.901
5.45639636,39.835
6.456459157,36.1
7.601827024,27.035
8.767299422,33.867
9.93421072,37.813
10.935838214,40.301
11.936183016,24.507
12.93956089,40.493
13.939627149,38.627
14.940756825,28.455
15.947286898,42.007
16.948099093,27.974
17.954241715,39.494
19.058479042,30.502
20.223645781,33.744
21.230638172,42.501
22.233395709,37.834
23.234133759,30.791
24.40669242,41.29
25.482698028,39.184
26.639937838,38.91
27.642313473,46.045
28.746449269,28.953
29.794009139,37.647
30.794989821,43.254
31.796388294,46.384
32.79755472,25.032
33.805440288,41.799
34.805866493,25.341
35.806153142,41.629
36.808997082,36.878
37.810154815,24.808
38.812960547,47.226
39.946366716,30.961
40.947040433,43.94
41.997997136,29.169
43.019096555,37.861
