2.228415204,0.0
3.230160088,0.0
4.45091868,0.0
5.456640114,0.0
6.4673724,0.0
7.601631115,0.0
8.767072572,0.0
9.933973059,0.0
10.937863032,0.0
11.940039031,0.0
13.180423427,0.0
14.360143253,0.0
15.673608393,0.0
16.837174081,0.0
17.840294626,0.0
19.058282955,0.0
20.223398904,0.0
21.231029513,0.0
22.25398118,0.0
23.255157498,0.0
24.406476764,0.0
25.482516072,0.0
26.639738348,0.0
27.662125317,0.0
28.746260894,0.0
29.793657124,0.0
30.794847248,0.0
32.1028559,0.0
33.136262452,0.0
34.136262489,0.0
35.474832068,0.0
36.475462524,0.0
37.645115661,0.0
38.645116247,0.0
39.946148749,0.0
40.946150411,0.0
41.997814982,0.0
43.018901579,0.0
