2.228415204,1.851
3.230160088,42.15
4.45091868,27.838
5.456640114,41.207
6.4673724,36.374
7.601631115,25.487
8.767072572,33.867
9.933973059,37.813
10.937863032,42.183
11.940039031,22.489
13.180423427,33.052
14.360143253,37.632
15.673608393,34.256
16.837174081,35.916
17.840294626,43.806
19.058282955,28.996
20.223398904,33.741
21.231029513,45.076
22.25398118,37.727
23.255157498,28.074
24.406476764,41.561
25.482516072,39.187
26.639738348,38.906
27.662125317,48.239
28.746260894,26.571
29.793657124,37.609
30.794847248,43.292
32.1028559,36.789
33.136262452,44.289
34.136262489,25.191
35.474832068,30.597
36.475462524,34.396
37.645115661,37.456
38.645116247,41.328
39.946148749,34.822
40.946150411,45.827
41.997814982,27.391
43.018901579,37.861
