2.228504701,0.0
3.233981287,0.0
4.450976542,0.0
5.456269138,0.0
6.459528217,0.0
7.601676331,0.0
8.767148922,0.0
9.934054296,0.0
10.935715978,0.0
11.935986423,0.0
12.939431274,0.0
13.943967076,0.0
14.944489714,0.0
15.947122483,0.0
16.947967061,0.0
17.954106319,0.0
19.058330321,0.0
20.223441197,0.0
21.230511278,0.0
22.233278398,0.0
23.234013824,0.0
24.406522073,0.0
25.482557675,0.0
26.639792689,0.0
27.642196203,0.0
28.746307514,0.0
29.793761347,0.0
30.794868781,0.0
31.796255301,0.0
32.797431102,0.0
33.80530892,0.0
34.805741767,0.0
35.806014674,0.0
36.808858739,0.0
37.810034295,0.0
38.812838026,0.0
39.946213219,0.0
40.949025128,0.0
41.997876419,0.0
43.018958012,0.0
