2.228504701,2.622
3.233981287,40.817
4.450976542,28.895
5.456269138,39.857
6.459528217,36.06
7.601676331,27.025
8.767148922,33.882
9.934054296,37.825
10.935715978,40.289
11.935986423,24.485
12.939431274,40.511
13.943967076,38.535
14.944489714,28.428
15.947122483,42.119
16.947967061,27.977
17.954106319,39.539
19.058330321,30.46
20.223441197,33.74
21.230511278,42.5
22.233278398,37.837
23.234013824,30.822
24.406522073,41.263
25.482557675,39.185
26.639792689,38.916
27.642196203,46.059
28.746307514,28.936
29.793761347,37.659
30.794868781,43.237
31.796255301,46.402
32.797431102,25.029
33.80530892,41.813
34.805741767,25.348
35.806014674,41.618
36.808858739,36.885
37.810034295,24.781
38.812838026,47.222
39.946213219,30.971
40.949025128,44.065
41.997876419,29.006
43.018958012,37.877
