2.22851493,0.0
3.233991724,0.0
4.450988573,0.0
5.456272503,0.0
6.459531407,0.0
7.601685724,0.0
8.767158659,0.0
9.934064309,0.0
10.935721698,0.0
11.93599599,0.0
12.939438023,0.0
13.943971354,0.0
14.94449269,0.0
15.947131592,0.0
16.947971548,0.0
17.95411312,0.0
19.05833874,0.0
20.223448793,0.0
21.230517978,0.0
22.233283543,0.0
23.23401733,0.0
24.406530234,0.0
25.482565512,0.0
26.639799826,0.0
27.642199648,0.0
28.746315555,0.0
29.793768767,0.0
30.794872897,0.0
31.796262224,0.0
32.797436604,0.0
33.805316995,0.0
34.80574755,0.0
35.806023733,0.0
36.808870024,0.0
37.810039065,0.0
38.81284622,0.0
39.946220853,0.0
40.949029287,0.0
41.997883639,0.0
43.018965531,0.0
