2.228521767,0.0
3.233995522,0.0
4.450999096,0.0
5.456275088,0.0
6.45953392,0.0
7.601692487,0.0
8.767165982,0.0
9.934070455,0.0
10.935724819,0.0
11.936003165,0.0
12.93944132,0.0
13.943973851,0.0
14.944495248,0.0
15.94713553,0.0
16.947974708,0.0
17.954116283,0.0
19.058344184,0.0
20.223453978,0.0
21.230520748,0.0
22.233286376,0.0
23.234020129,0.0
24.406535354,0.0
25.482571468,0.0
26.639804786,0.0
27.642202052,0.0
28.746321495,0.0
29.793774644,0.0
30.794876135,0.0
31.796265322,0.0
32.797441006,0.0
33.805320118,0.0
34.805752094,0.0
35.806027955,0.0
36.808874271,0.0
37.810042574,0.0
38.81284991,0.0
39.946226212,0.0
40.949032691,0.0
41.99788919,0.0
43.018971752,0.0
