2.228521767,2.548
3.233995522,40.817
4.450999096,28.894
5.456275088,39.858
6.45953392,36.06
7.601692487,27.025
8.767165982,33.882
9.934070455,37.825
10.935724819,40.289
11.936003165,24.485
12.93944132,40.511
13.943973851,38.535
14.944495248,28.428
15.94713553,42.119
16.947974708,27.977
17.954116283,39.539
19.058344184,30.46
20.223453978,33.74
21.230520748,42.501
22.233286376,37.837
23.234020129,30.822
24.406535354,41.263
25.482571468,39.185
26.639804786,38.916
27.642202052,46.059
28.746321495,28.935
29.793774644,37.659
30.794876135,43.238
31.796265322,46.402
32.797441006,25.029
33.805320118,41.813
34.805752094,25.348
35.806027955,41.618
36.808874271,36.885
37.810042574,24.782
38.81284991,47.221
39.946226212,30.971
40.949032691,44.065
41.99788919,29.006
43.018971752,37.877
